epoch===== 99
              precision    recall  f1-score   support

           0     0.8703    0.6602    0.7508     11064
           1     0.7260    0.9003    0.8038     11064
           2     0.9993    0.9982    0.9987     11064
           3     0.7336    0.6686    0.6996     11064
           4     0.8555    0.6342    0.7284     11064
           5     0.8139    0.5490    0.6557     11064
           6     0.4799    0.7764    0.5932     11064
           7     0.5794    0.6126    0.5955     11064

    accuracy                         0.7249     88512
   macro avg     0.7572    0.7249    0.7282     88512
weighted avg     0.7572    0.7249    0.7282     88512

