epoch===== 9
              precision    recall  f1-score   support

           0     0.9970    0.9990    0.9980      1000
           1     1.0000    0.9980    0.9990      1000
           2     0.4292    0.9300    0.5873      1000
           3     0.4630    0.0250    0.0474      1000
           4     0.9980    0.9980    0.9980      1000
           5     0.8883    0.6920    0.7780      1000
           6     1.0000    1.0000    1.0000      1000
           7     0.5956    0.5640    0.5794      1000
           8     0.5706    0.6021    0.5859       960

    accuracy                         0.7571      8960
   macro avg     0.7713    0.7565    0.7303      8960
weighted avg     0.7722    0.7571    0.7310      8960

